04/02/2007_7:52:55_AM 0 0 9.95 1.39 11.34
True 0 False 0 0 0 0 0
101010100000000000

04/10/2007_8:48:10_AM 20 5.64 12.6 1.76 14.36
True 0 False 0 2 1 0 0
101010100000000010

04/10/2007_8:48:28_AM 40 7.51 28.5 3.99 32.49
True 0 True 2 4 1 0 0
131010100010000010
111111110000000000000000
04/10/2007_8:50:36_AM 50 3.72 40.6 5.68 46.28
True 2 True 2 2 1 2 1
121000000010000000100000001010101000000001000000010000
000000000000000011111111
04/10/2007_8:51:08_AM 40 6.94 29 4.06 33.06
False 0 True 5 20 0 0 0

000000001111111111111111111111111111111111111111
04/10/2007_8:51:48_AM 30 6.63 20.5 2.87 23.37
True 0 False 0 4 1 2 1
001010110101010111

04/10/2007_8:52:51_AM 10 1.28 7.65 1.07 8.72
True 0 False 0 0 0 0 0
100000000000000010

04/10/2007_8:53:32_AM 30 7.09 20.1 2.81 22.91
True 0 False 0 6 0 0 0
120000101000100010

04/10/2007_8:53:54_AM 4 1.72 2 0.28 2.28
False 0 False 0 2 0 0 0


04/10/2007_8:54:10_AM 20 1.65 16.1 2.25 18.35
True 0 False 0 2 0 0 0
121010100000000010

04/10/2007_8:55:27_AM 40 7.28 28.4 3.98 32.38
True 1 True 1 1 1 1 0
121000000000000010100000101000100010
0000000000000000
04/10/2007_8:56:16_AM 40 26.38 11.95 1.67 13.62
True 0 True 0 0 0 0 0
120010001000000000
00001000
04/11/2007_1:07:16_PM 40 0.44 34.7 4.86 39.56
True 0 True 1 5 0 5 4
111010101010101010
1101000011101001
04/11/2007_1:09:20_PM 10 2.59 6.5 0.91 7.41
True 0 False 0 0 0 0 0
100000000000000000

