01/04/2007_6:51:53_PM 20 2.05 15.75 2.2 17.95
True 0 False 0 1 2 0 0
030100000000000000

04/10/2007_8:56:55_AM 4 1.15 2.5 0.35 2.85
False 0 True 0 1 0 0 0

10000001
04/10/2007_8:57:09_AM 50 22.36 24.25 3.39 27.64
True 0 True 1 2 2 1 1
021010110001000011
1001000011100001
04/10/2007_8:57:26_AM 50 5.31 39.2 5.49 44.69
True 2 True 0 4 1 1 1
110000001010101000100000101000100010000000110010000011
00100011
04/10/2007_8:58:00_AM 20 1.53 16.2 2.27 18.47
True 0 False 0 1 1 0 0
120010000000100010

04/10/2007_8:58:11_AM 20 17.15 2.5 0.35 2.85
False 0 True 0 1 0 0 0

00001001
04/10/2007_8:58:24_AM 20 4.04 14 1.96 15.96
True 0 False 0 0 0 0 1
020010000100000011

04/10/2007_8:58:37_AM 30 17.86 10.65 1.49 12.14
True 0 False 0 3 0 0 0
100000000000000010

04/10/2007_8:58:49_AM 30 2.64 24 3.36 27.36
True 0 True 4 4 2 2 2
100000000000000000
1110000111100001001101010001111000000000
04/10/2007_8:59:12_AM 4 1.72 2 0.28 2.28
False 0 False 0 1 1 0 0


