04/10/2007_7:40:25_AM 20 3.93 14.1 1.97 16.07
True 0 False 0 1 2 0 1
001110100000000011

04/10/2007_7:40:50_AM 30 1.5 25 3.5 28.5
True 0 True 1 1 3 2 0
020101111000100011
0000000100000001
04/10/2007_7:41:24_AM 60 3.63 49.45 6.92 56.37
True 3 False 0 0 0 0 0
130000101000100010120000001010101000111010100000000010100000000000000010

04/10/2007_7:41:38_AM 3 0.15 2.5 0.35 2.85
False 0 True 0 0 1 0 0

10000001
04/10/2007_7:41:51_AM 1.5 0.36 1 0.14 1.14
False 0 False 0 0 1 0 0


04/10/2007_7:41:59_AM 45 11.83 29.1 4.07 33.17
True 0 True 2 3 4 4 2
110000001010101000
111000010001111000110101
04/10/2007_7:42:22_AM 55 4.84 44 6.16 50.16
True 0 True 0 0 10 0 10
031111101111101111
11111111
04/10/2007_7:43:01_AM 25 4.37 18.1 2.53 20.63
True 0 False 0 2 2 0 0
121010100000000010

04/10/2007_7:43:14_AM 6 0.3 5 0.7 5.7
False 0 True 1 0 2 0 0

1110000100011110
