04/04/2007_8:10:36_AM 25 4.48 18 2.52 20.52
True 0 False 0 2 0 0 0
021010100101010110

04/04/2007_8:18:34_AM 75 6.83 51.8 7.25 59.05
True 2 True 0 0 0 0 0
131010100000000010130000001010101000130000101000100010
00000000
09/04/2007_7:20:48_PM 15 3.26 10.3 1.44 11.74
True 0 False 0 0 0 0 0
010000101100000000

04/10/2007_8:38:51_AM 0 0 49.6 6.94 56.54
True 3 True 3 2 2 2 1
000100100000000000101010100000000010001011110000010011100000000000000000
00000000111111111111111100000000
04/10/2007_8:40:56_AM 50 0.87 44.6 6.24 50.84
True 3 True 1 2 2 1 1
110000000000000000101010100000000010100000000000000000000010010001000110
0000000000000000
04/10/2007_8:41:29_AM 10 3.16 6 0.84 6.84
False 1 True 1 2 1 0 0

0000000011111111
04/10/2007_8:41:46_AM 30 2.36 24.25 3.39 27.64
True 0 True 1 4 3 1 1
101000001010101000
0000000011111111
04/10/2007_8:42:10_AM 100.32 16.02 75.45 10.56 86.00999
True 2 True 2 11 6 5 6
121010100000000010031011100001000011001000001100000111
111111111111111100000000
04/10/2007_8:43:07_AM 30 0.87 27.05 3.79 30.84
True 1 False 0 2 2 1 1
101010000000000010101010100000000010

04/10/2007_8:43:44_AM 4 -29.52 29.4 4.12 33.52
True 1 True 1 1 0 0 0
130000101000100010100000100010000000
0000000000000000
04/10/2007_8:47:09_AM 0 0 6.5 0.91 7.41
True 0 False 0 0 0 0 0
100000000000000000

04/11/2007_12:38:28_PM 60 7.67 45.9 6.43 52.33
True 1 True 1 2 0 0 0
111010101010101010131010101010101010
0000000000000000
04/11/2007_12:42:06_PM 20 -2.91 20.1 2.81 22.91
True 1 True 1 0 0 0 0
100000001010101000100000000000000000
0000000000000000
04/11/2007_12:46:47_PM 0 0 18.5 2.59 21.09
True 1 True 0 0 2 0 0
110000000000000000100000000000000000
00000000
04/11/2007_12:55:16_PM 784555 784541.9 11.5 1.61 13.11
True 0 False 0 0 0 0 0
020011000000000000

04/11/2007_12:56:46_PM 8888888 8888869 28 3.92 31.92
True 1 True 0 3 3 2 2
100010000010000000000000010000100000
00000000
04/11/2007_12:58:29_PM 0 0 9 1.26 10.26
True 0 True 0 1 0 0 0
100000000000000000
11111111
04/11/2007_12:58:46_PM 0 0 2.5 0.35 2.85
False 0 True 0 1 0 0 0

00000000
04/11/2007_12:59:01_PM 1 -11.08 1 0.14 1.14
False 0 False 0 1 0 0 0


02/07/2008_2:22:35_PM 0 0 6.5 0.91 7.41
True 0 False 0 0 0 0 0
100000000000000000

02/11/2008_1:45:28_PM 30 8.23 19.1 2.67 21.77
True 0 False 0 3 0 0 0
130000101000100010

