04/05/2007_1:23:18_PM 41.5 0 36.4 5.1 41.5
True 1 False 0 0 0 0 0
130010000000000000021111111111111111

04/05/2007_1:25:23_PM 0 0 6.5 0.91 7.41
True 0 False 0 0 0 0 0
100000000000000000

04/10/2007_7:54:32_AM 65 4.47 53.1 7.43 60.53
True 4 True 5 2 0 0 1
110000000000000000100000000000000000100000001010101000100000000000000000110000000000000000
000000000100000100011110001101011110000100011110
04/10/2007_7:54:49_AM 6 0.87 4.5 0.63 5.13
False 0 True 1 0 0 0 1

0001111000110101
04/10/2007_7:54:57_AM 25 3.91 18.5 2.59 21.09
True 1 False 0 0 0 1 1
120000000000000000100000000000000000

04/10/2007_7:55:02_AM 5 3.86 1 0.14 1.14
False 0 False 0 0 0 1 0


