04/04/2007_8:01:05_AM 25 0.55 21.45 3 24.45
True 0 True 0 1 4 3 0
111010100000000000
11111111
04/10/2007_7:52:27_AM 58 2.71 48.5 6.79 55.29
True 4 True 3 0 10 0 0
100000000000000000100000000000000000100000000000000000100000000000000000100000000000000000
00000000000000000000000000000000
04/10/2007_7:52:41_AM 25 2.66 19.6 2.74 22.34
True 0 True 0 0 0 1 1
130000101000100010
11111111
04/10/2007_7:52:48_AM 20 0.62 17 2.38 19.38
False 0 True 3 1 2 3 5

11111111000000000000000000000000
04/10/2007_7:53:19_AM 20 3.93 14.1 1.97 16.07
True 0 True 0 1 0 0 0
111010100000000010
00000000
04/10/2007_7:53:41_AM 25 2.09 20.1 2.81 22.91
True 0 True 0 0 1 3 3
110000101000100010
00000000
04/10/2007_7:53:54_AM 50 4.4 40 5.6 45.6
False 0 False 0 10 10 10 10


