04/10/2007_7:43:52_AM 105 4.17 88.45 12.38 100.83
True 3 True 2 4 5 4 6
031010100101010110120000001010101000120000101000100010030101010101010111
111111110000000000000000
04/10/2007_7:44:34_AM 20 1.99 15.8 2.21 18.01
True 0 False 0 1 2 0 0
120000001000100000

04/10/2007_7:46:30_AM 25 2.2 20 2.8 22.8
False 0 True 7 0 1 0 7

1111111111111111111111111111111111111111111111111111111111111111
04/10/2007_7:47:12_AM 3 0.15 2.5 0.35 2.85
False 0 True 0 1 0 0 0

00110101
04/10/2007_7:47:22_AM 10 3.16 6 0.84 6.84
False 0 True 1 2 1 0 0

0000000111100001
04/10/2007_7:47:33_AM 44.63 0 39.15 5.48 44.63
True 1 True 0 0 3 4 3
030101011010101001110000000000000010
00000001
04/10/2007_7:47:53_AM 20 1.08 16.6 2.32 18.92
True 0 False 0 2 1 2 2
100000001010101000

04/10/2007_7:48:09_AM 50 5.54 39 5.46 44.46
True 5 False 0 0 0 0 0
100000000000000000100000000000000000100000000000000000100000000000000000100000000000000000100000000000000000

