04/10/2007_8:59:43_AM 20 0.51 17.1 2.39 19.49
True 0 False 0 2 1 0 0
120000001010101000

04/10/2007_9:00:12_AM 110.57 4.89 92.7 12.98 105.68
True 3 True 4 14 6 5 9
001100000000000011001001001001001001131010100000000010131010100000000010
1000000100000001111000011110000111100001
04/10/2007_9:01:31_AM 1.15 0.01 1 0.14 1.14
False 0 False 0 1 0 0 0


04/10/2007_9:01:48_AM 30 8.91 18.5 2.59 21.09
True 0 True 1 2 2 1 1
001010100000000011
1000000111100001
04/10/2007_9:02:34_AM 11 0.06 9.6 1.34 10.94
True 0 False 0 0 0 0 0
101010100000000010

04/10/2007_9:03:31_AM 16.9 0.03 14.8 2.07 16.87
True 0 False 0 3 3 0 0
100000000010000010

04/10/2007_9:03:47_AM 40 0.78 34.4 4.82 39.22
True 1 True 3 6 0 0 0
121000000000000010101010100000000010
11100001000111100011010111100001
04/10/2007_9:04:12_AM 0 0 14.95 2.09 17.04
True 0 False 0 5 0 0 0
100000100000100010

04/10/2007_9:04:19_AM 5 1.01 3.5 0.49 3.99
False 0 True 0 1 0 0 1

00100101
04/10/2007_9:04:44_AM 20 4.44 13.65 1.91 15.56
True 0 False 0 2 2 1 1
101010100000000010

