03/30/2007_8:15:03_AM 20 8.6 10 1.4 11.4
True 0 False 0 0 0 0 0
120000000000000000

04/10/2007_7:49:33_AM 16 0.95 13.2 1.85 15.05
True 0 True 0 0 1 1 0
010100000000000010
00000000
04/10/2007_7:49:59_AM 3.52 0.1 3 0.42 3.42
False 0 False 0 2 1 0 0


04/10/2007_7:50:38_AM 30 4.35 22.5 3.15 25.65
True 0 True 0 0 3 0 0
031010100101010110
11111111
04/10/2007_7:51:03_AM 15 0.64 12.6 1.76 14.36
True 0 False 0 0 1 0 0
110000101000100010

04/10/2007_7:51:12_AM 13 0.46 11 1.54 12.54
False 0 True 4 0 2 0 0

1111111100000000000000000000000000000000
04/10/2007_7:51:35_AM 50 5.2 39.3 5.5 44.8
True 0 True 3 4 4 5 7
010110011000110011
00000000111111110000000000000000
