09/04/2007_5:22:03_PM 5 3.86 1 0.14 1.14
False 0 False 0 0 0 0 1


04/10/2007_9:05:21_AM 80 0.31 69.9 9.79 79.69
True 6 True 2 2 3 3 0
130000001010101000100000000000000000100000000000000000100000000000000000100000000000000000100000000000000000100000100000100000
000000000000000000000000
04/10/2007_9:09:09_AM 800 785.98 12.3 1.72 14.02
True 0 True 0 0 2 0 0
100010000010000000
00000000
04/10/2007_9:09:15_AM 16 0.27 13.8 1.93 15.73
True 0 False 0 0 1 0 0
120000101000000000

04/10/2007_9:09:30_AM 25 7.56 15.3 2.14 17.44
True 0 True 0 0 1 0 0
120000101000000000
00000000
04/10/2007_9:12:03_AM 50 7.59 37.2 5.21 42.41
True 2 True 2 5 1 1 0
101010100000000010100000101000100010100000000000000000
100000011110000100000001
04/10/2007_9:12:25_AM 50 30.16 17.4 2.44 19.84
True 0 True 0 2 2 2 1
000000000000110011
00000001
04/10/2007_9:12:40_AM 3 0.15 2.5 0.35 2.85
False 0 True 0 1 0 0 0

10000001
04/10/2007_9:12:53_AM 40 7.51 28.5 3.99 32.49
True 0 True 1 13 2 1 0
000010001000100011
0000010101000111
04/10/2007_9:13:13_AM 352 312.84 12.5 1.75 14.25
False 1 True 2 8 0 0 0

000000000000110100000001
